0.445360
0.453093
0.455397
0.458715
0.458184
0.459218
0.462753
0.462358
0.464498
0.463302
0.463508
0.464489
0.464305
0.465137
0.464731
0.465173
0.467614
0.462552
0.466796
0.465297
0.467138
0.467423
0.464855
0.464818
0.465677
0.466724
0.464703
0.467583
0.463224
0.464376
0.467156
0.465201
0.466714
0.466800
0.467779
0.469235
0.468486
0.470279
0.466909
0.465603
0.465645
0.468767
0.468293
0.467316
0.470518
0.466483
0.468077
0.466034
0.466751
0.469751
0.469663
0.467861
0.469033
0.470490
0.471215
0.470249
0.468428
0.469560
0.469381
0.466566
0.466784
0.468351
0.467189
0.467465
0.468353
0.469249
0.469251
0.466848
0.467104
0.467610
0.467162
0.468711
0.469529
0.471270
0.466642
0.466195
0.466804
0.468438
0.468000
0.470624
0.470157
0.468583
0.469501
0.470131
0.468589
0.468408
0.470696
0.470248
0.471062
0.470216
0.468814
0.468295
0.468115
0.467929
0.469217
0.469984
0.468486
0.467103
0.471429
