0.999971
0.013139
0.999999
0.352448
0.057337
0.196480
0.999961
0.501864
0.352555
0.345627
0.131258
0.273086
0.111959
0.477617
0.999692
0.684084
0.565189
0.572419
0.374466
0.537973
0.302857
0.636942
0.197674
0.323507
0.200495
0.505674
0.136249
0.049623
0.424774
0.848768
0.999445
0.901482
0.717062
0.714492
0.606582
0.811086
0.541381
0.767728
0.415335
0.635533
0.494143
0.801918
0.314060
0.565615
0.634858
0.846994
0.218991
0.191907
0.276455
0.571243
0.192548
0.099899
0.536033
0.724046
0.128745
0.042419
0.050785
0.088036
0.408805
0.600698
0.898560
0.201287
0.999296
0.997166
0.906575
0.903982
0.742387
0.876552
0.694603
0.903707
0.631214
0.819207
0.796489
0.861455
0.542056
0.715850
0.764147
0.911892
0.421396
0.677579
0.594409
0.789358
0.468350
0.679788
0.777390
0.823919
0.290992
0.244942
0.558701
0.531162
0.628396
0.705630
0.853627
0.503805
0.230898
0.303470
0.167532
0.517048
0.268206
0.180714
0.577764
0.580297
0.179826
0.136587
0.090212
0.094158
0.562697
0.643096
0.776476
0.269227
0.129632
0.056979
0.047787
0.035045
0.065523
0.018810
0.122918
0.042430
0.470656
0.439915
0.671234
0.256234
0.941363
0.513858
0.234741
0.188655
