0.528456
0.536311
0.538371
0.539012
0.539445
0.539572
0.541749
0.543521
0.542342
0.543571
0.544099
0.543677
0.542604
0.544454
0.545149
0.545330
0.544835
0.543804
0.544400
0.543812
0.544831
0.545052
0.545466
0.545387
0.544888
0.546136
0.546808
0.545849
0.546528
0.545211
0.547275
0.548243
0.547254
0.546960
0.548219
0.547948
0.547615
0.545520
0.547935
0.546800
0.546972
0.548260
0.548958
0.548206
0.547755
0.547104
0.547936
0.546849
0.546942
0.546485
0.547427
0.548137
0.549036
0.550316
0.549015
0.548501
0.548165
0.548959
0.548179
0.550114
0.549134
0.548892
0.550771
0.548214
0.549338
0.548817
0.547328
0.548701
0.548787
0.550676
0.547962
0.547218
0.549886
0.550886
0.547645
0.548231
0.550126
0.550316
0.549497
0.548431
0.548123
0.549097
0.547961
0.548985
0.549896
0.548801
0.549387
0.547730
0.549644
0.549775
0.547241
0.548558
0.548798
0.549347
0.548628
0.547653
0.549583
0.548294
0.547280
0.550724
0.550136
0.549359
0.550290
0.550056
0.549562
0.549447
0.548060
0.548968
0.550408
0.550404
0.549024
0.548603
0.550935
0.549074
0.547540
0.551720
0.552393
0.550327
0.549888
0.551089
0.550539
0.551470
0.549784
0.551425
0.552833
0.550630
0.549898
0.549839
0.550946
0.551305
0.551245
0.548442
0.549476
0.550913
0.549306
0.551322
0.553041
0.553079
0.551363
0.550679
0.552355
0.551660
0.551501
0.551212
0.550950
0.551300
0.550246
0.551534
0.550407
0.548961
0.550807
0.550934
0.549178
0.551100
0.552494
0.551206
0.549993
0.550544
0.549489
0.552024
0.552219
0.552436
0.551715
0.550932
0.553976
0.551688
0.551516
0.550708
0.552060
0.553629
0.551970
0.550807
0.554234
0.550441
0.549447
0.553057
0.553302
0.553465
0.552625
0.552967
0.551821
0.552165
0.552734
0.553653
0.553549
0.553637
0.551992
0.549193
0.551028
0.550164
0.548973
0.552638
0.553223
0.552643
0.552888
0.551662
0.550442
0.554780
0.552331
0.550428
0.553395
0.554113
0.554740
0.552618
0.553516
0.553059
0.553237
0.553986
0.555824
0.553101
0.553615
0.554272
0.553748
0.552844
0.551877
0.554159
0.553958
0.552325
0.554434
0.552264
0.552419
0.551240
0.552648
0.551438
0.552900
0.552940
0.550589
0.552129
0.553205
0.551754
0.550868
0.552869
0.553506
0.552729
0.552500
0.553184
0.552873
0.553081
0.552175
0.555845
0.551514
0.551049
0.552843
0.552996
0.552700
0.552515
0.551806
0.550564
0.551397
0.553274
0.553428
0.550210
0.551742
0.553458
0.552335
0.551964
0.552165
0.552361
0.551604
0.552606
0.553187
0.552599
0.552519
0.552988
0.550791
0.550715
0.553232
0.552593
0.550800
0.552913
0.552781
0.553890
0.553031
0.552954
0.553036
0.554787
0.555926
0.554501
0.552307
0.552036
0.553288
0.552865
0.552650
0.552648
0.550824
0.553104
0.552897
0.554817
0.552622
0.552572
0.552212
0.553660
0.552458
0.554483
0.552155
0.553310
0.551659
0.553985
0.555449
0.554288
0.553632
0.552069
0.554093
0.553952
0.552788
0.552199
0.555617
0.556040
0.554027
0.553874
0.556260
0.554283
0.554466
0.551525
0.553294
0.554720
0.555724
0.554565
0.552650
0.552854
0.554909
0.553746
0.554192
0.553722
0.551711
0.553982
0.554744
0.553358
0.552708
0.553953
0.553891
0.553337
0.554231
0.553921
0.555314
0.554351
0.552559
0.553307
0.557091
0.555823
0.551577
0.555900
0.554887
0.553347
0.555157
0.552315
0.552437
0.554224
0.554188
0.551941
0.554384
0.555904
0.558554
0.555597
0.552775
0.553378
0.554544
0.554465
0.555836
0.553997
0.555272
0.557470
0.556080
0.556442
0.554354
0.555689
0.555687
0.553473
0.555846
0.554545
0.553679
0.556024
0.555522
0.555718
0.555423
0.556398
0.554630
0.553435
0.554498
0.555779
0.554413
0.555340
0.555854
0.555732
0.552871
0.554069
0.557617
0.555410
0.553024
0.553794
0.557033
0.557276
0.554486
0.552487
0.553240
0.554748
0.556919
0.557205
0.554150
0.556608
0.555915
0.555188
0.554348
0.554850
0.553227
0.552843
0.555071
0.554080
0.554480
0.554948
0.556835
0.553442
0.553027
0.555432
0.555827
0.552565
0.556514
0.557281
0.557171
0.556803
0.555589
0.554969
0.552694
0.554084
0.554868
0.555063
0.555606
0.555894
0.553967
0.554995
0.554278
0.555490
0.554535
0.554304
0.554567
0.552550
0.553646
0.554388
0.556374
0.557746
0.555198
0.555338
0.553124
0.555309
0.555432
0.555352
0.554816
0.553885
0.554037
0.552824
0.554719
0.553858
0.555024
0.552866
0.554960
0.554667
0.551949
0.554453
0.555196
0.553419
0.552713
0.553469
0.553710
0.555928
0.554174
0.555207
0.554738
0.557671
0.555137
0.552468
0.552066
0.553222
0.553883
0.554964
0.556155
0.554647
0.553702
0.554188
0.557037
0.554965
0.554212
0.552861
0.552744
0.552751
0.553689
0.554174
0.555271
0.554905
0.551799
0.554499
0.554099
0.553068
0.553789
0.555030
0.554844
0.553361
0.553256
0.552836
0.551373
