1.064131
0.444475
1.027020
0.715854
0.308111
-0.130705
1.023949
0.758254
0.579410
0.148327
0.287410
-0.186042
-0.117847
0.164613
0.989325
0.812660
0.626315
0.336699
0.566998
0.152575
0.130749
0.468118
0.252881
0.024846
-0.059660
0.320333
-0.133582
0.099140
0.251310
0.805273
1.000887
0.892692
0.715843
0.497733
0.682228
0.471859
0.276733
0.633441
0.488099
0.175654
0.197738
0.563596
0.145364
0.494213
0.459361
0.879806
0.287047
0.121799
0.169867
0.501013
0.019639
0.157407
0.465775
0.700410
0.032113
0.245823
0.140206
0.099820
0.355406
0.628460
0.868002
0.316851
