1.108966
0.076393
1.048106
0.501997
0.137617
0.013431
1.042867
0.744430
0.527399
0.502777
0.101601
0.027475
0.086803
0.389929
1.084078
0.787588
0.681688
0.673398
0.490482
0.527698
0.287022
0.618030
0.129687
0.198268
0.100860
0.614257
0.038109
0.106051
0.536958
0.602970
1.052473
0.903099
0.767465
0.737804
0.667906
0.723968
0.576667
0.718020
0.393020
0.491540
0.313936
0.736202
0.300328
0.544735
0.678223
0.680615
0.360626
0.206289
0.338428
0.512777
0.258757
0.208228
0.582873
0.554955
0.235994
0.227706
0.211296
0.102201
0.520430
0.521219
0.789255
0.368490
