0.992437
0.488569
0.987740
0.584438
0.348389
0.076191
0.996588
0.751962
0.456873
0.226427
0.224073
0.205908
0.184609
0.533593
0.992742
0.759373
0.639010
0.504456
0.390322
0.355488
0.296222
0.621390
0.243159
0.248303
0.229908
0.536727
0.103761
0.104720
0.536710
0.827564
0.993901
0.860951
0.700669
0.611102
0.618007
0.647614
0.531353
0.738941
0.400473
0.421725
0.388609
0.709188
0.273183
0.517656
0.574913
0.766126
0.251285
0.174431
0.271071
0.548505
0.184231
0.169491
0.499794
0.734468
0.127286
0.114560
0.115071
0.124503
0.486880
0.653112
0.809910
0.418120
0.993496
0.987609
0.845998
0.794613
0.699997
0.726210
0.625502
0.829192
0.628938
0.709293
0.671202
0.827102
0.523819
0.693367
0.710720
0.843624
0.417159
0.467683
0.472096
0.688274
0.392415
0.643424
0.697780
0.775759
0.265289
0.277765
0.503119
0.536739
0.582317
0.703752
0.793559
0.552620
0.260544
0.255513
0.188973
0.532871
0.253122
0.284956
0.525953
0.609288
0.181871
0.213143
0.167651
0.155420
0.481679
0.624211
0.739411
0.358479
0.131112
0.123473
0.113729
0.059350
0.115263
0.041662
0.150437
0.117825
0.482090
0.457766
0.668400
0.309023
0.814065
0.624593
0.388641
0.277086
