0.998561
0.001000
0.993558
0.277517
0.022108
0.020056
0.999492
0.553437
0.211352
0.215080
0.015717
0.084076
0.044352
0.853040
0.998739
0.678532
0.407290
0.619553
0.162841
0.358912
0.279057
0.841207
0.074055
0.381712
0.312756
0.595466
0.223842
0.056297
0.765711
0.863444
0.998383
0.902378
0.574413
0.712889
0.395759
0.727360
0.473696
0.870571
0.303261
0.489272
0.606214
0.823887
0.372704
0.585685
0.699537
0.832503
0.142259
0.245762
0.457148
0.599000
0.289857
0.118337
0.557645
0.779493
0.134360
0.011519
0.050329
0.062920
0.604093
0.565300
0.930192
0.185246
