0.866602
0.996495
0.743713
0.989770
0.087512
0.006647
0.937820
0.948677
0.293000
0.011755
0.847495
0.006366
1.000000
0.003067
0.999013
0.980548
0.395647
0.011755
0.987365
0.019264
0.375349
0.000783
0.998573
0.028134
0.781188
0.001311
0.982610
0.179394
0.988290
0.055247
0.999013
0.959665
0.145500
0.011755
0.777505
0.073032
0.375349
0.001827
0.837106
0.004501
0.111434
0.001452
0.998605
0.003724
0.969537
0.176105
0.999229
0.041674
0.927332
0.001311
0.929640
0.178186
0.562871
0.095162
0.953021
0.060963
0.656680
0.011755
0.998682
0.017096
0.866602
0.996495
0.999013
0.928017
0.063575
0.011755
0.702587
0.081710
0.375349
0.001463
0.684339
0.022517
0.063798
0.013633
0.716856
0.002715
0.954192
0.905144
0.829138
0.004635
0.320848
0.001452
0.974188
0.001194
0.452872
0.452943
0.982610
0.432004
0.907355
0.011755
0.997888
0.059601
0.743713
0.989770
0.999013
0.024331
0.955040
0.001311
0.990429
0.113679
0.521268
0.020862
0.961455
0.118601
0.076365
0.010105
0.993188
0.040917
0.919004
0.997144
0.999995
0.051923
0.490008
0.011755
0.688279
0.000131
0.209360
0.940727
0.999866
0.051406
0.617370
0.001311
0.743713
0.989770
0.087512
0.006647
