0.385983
0.327791
0.544500
0.774564
0.382659
0.378242
0.756187
0.847245
0.832651
0.672583
0.319868
0.303866
-0.022409
0.535906
0.885439
0.932537
0.923532
0.824532
0.715566
0.669827
0.487511
0.808766
0.198317
0.320828
-0.033726
0.390664
-0.051899
0.054813
0.433746
0.188482
1.003756
0.959767
0.913649
0.906096
0.815416
0.798431
0.628664
0.914402
0.575301
0.607210
0.417638
0.697574
0.174889
0.636606
0.694001
0.560749
0.135172
0.290639
0.032635
0.445357
-0.005165
0.037324
0.545465
0.256135
-0.075708
0.025318
0.043866
0.068617
0.478786
0.198170
0.397248
0.066724
