1.026141
0.437326
1.008463
0.734291
0.300640
-0.158607
1.015205
0.762320
0.569658
0.126508
0.292473
-0.197374
-0.112645
0.174201
0.982685
0.817675
0.619340
0.327060
0.574300
0.144077
0.134698
0.480277
0.253834
0.018550
-0.054583
0.326802
-0.140687
0.103694
0.252047
0.801564
0.998706
0.896127
0.713248
0.491356
0.687904
0.465309
0.280712
0.639150
0.490792
0.168447
0.204128
0.570426
0.141658
0.496287
0.462504
0.874767
0.291131
0.120379
0.172172
0.512009
0.016085
0.164435
0.461755
0.704435
0.031560
0.259808
0.136553
0.103053
0.355250
0.632229
0.860970
0.326259
