0.843273
0.441759
0.723972
0.735165
0.304598
0.318897
0.662289
0.683911
0.655715
0.681851
0.282834
0.287320
0.266409
0.279558
0.661320
0.667969
0.647686
0.665466
0.674318
0.669337
0.676341
0.680195
0.281741
0.284349
0.281265
0.285339
0.275207
0.274300
0.277165
0.278292
0.678858
0.674284
0.678445
0.676501
0.670791
0.664969
0.675196
0.672490
0.689782
0.683755
0.687827
0.682063
0.690420
0.686003
0.690123
0.686584
0.289369
0.287608
0.291186
0.290394
0.291202
0.288474
0.295365
0.292795
0.284802
0.282091
0.286581
0.284223
0.286734
0.283843
0.290682
0.287303
0.688203
0.684899
0.691666
0.687022
0.683346
0.682434
0.684446
0.682588
0.684087
0.679650
0.687919
0.682130
0.681358
0.680241
0.683204
0.680897
0.694311
0.691431
0.697068
0.691774
0.689400
0.688316
0.688997
0.686293
0.695809
0.693025
0.698498
0.693883
0.690685
0.690252
0.689921
0.688370
0.295710
0.293898
0.297014
0.294120
0.296966
0.295077
0.300236
0.296599
0.297244
0.295090
0.298990
0.295441
0.300025
0.298018
0.302958
0.298808
0.292357
0.290521
0.293676
0.290367
0.293356
0.291455
0.296533
0.292467
0.292891
0.290899
0.294326
0.290642
0.295596
0.293650
0.298126
0.293721
