0.986788
0.000007
0.996049
0.011891
0.991504
0.015049
0.999989
0.017801
0.999097
0.009287
0.999954
0.021031
0.022140
0.995650
0.999923
0.003179
0.984868
0.009287
0.999938
0.005964
0.012314
0.986793
0.999862
0.878827
0.015549
0.000402
0.353399
0.996958
0.345119
0.999634
0.999923
0.023497
0.993776
0.009287
0.988343
0.005553
0.012314
0.965089
0.999292
0.506161
0.029751
0.046505
0.000811
0.998982
0.437369
0.999926
1.000000
0.728886
0.049477
0.000402
0.219064
0.003556
0.549955
0.978065
0.049131
0.998614
0.997420
0.009287
0.029491
0.998609
0.986788
0.000007
0.999923
0.057227
0.991504
0.009287
0.987178
0.001396
0.012314
0.998011
0.959367
0.275166
0.049108
0.255935
0.000630
0.991279
0.270628
0.999990
0.997990
0.053736
0.211922
0.046505
0.028657
0.060241
0.627474
0.961958
0.353399
0.998658
0.996296
0.009287
0.072389
0.998289
0.996049
0.011891
0.999923
0.455266
0.072993
0.000402
0.599952
0.009498
0.085984
0.987616
0.040866
0.096791
0.944455
0.000081
0.173655
0.997727
0.998062
0.135328
0.126597
0.999511
0.990069
0.009287
0.993233
0.176870
0.988265
0.002607
0.040156
0.998236
0.914420
0.000402
0.996049
0.011891
0.991504
0.015049
