0.474625
0.080530
0.655577
0.502206
0.124571
0.740330
0.712204
0.662975
0.695518
0.819988
0.164646
0.659337
0.029732
0.353406
0.881782
0.803786
0.848436
0.878086
0.617648
0.810691
0.512087
0.625896
0.166458
0.433999
0.047346
0.315498
0.013247
0.034146
0.394614
0.238624
0.980926
0.882392
0.833747
0.899142
0.795700
0.878092
0.658911
0.749242
0.515435
0.683856
0.458480
0.645198
0.233211
0.587711
0.665775
0.518566
0.130394
0.380462
0.083924
0.382234
0.057660
0.060390
0.547041
0.233125
0.011092
0.021894
0.039461
0.088947
0.366347
0.213169
0.387837
0.101720
