164.305079
165.491750
166.434920
167.341544
167.926107
168.711828
168.913625
169.168842
169.099128
169.596261
169.678671
170.094708
170.423402
170.338030
170.367030
170.640202
170.415620
170.675356
170.671561
170.803295
171.163502
171.074378
170.975403
171.266254
171.162843
170.967034
171.658156
170.905960
171.352897
171.650783
171.730487
171.420517
171.425339
171.605684
171.352403
171.154502
171.624667
171.368193
171.537432
171.603784
171.613037
172.066411
171.859023
171.495329
171.453818
171.699362
171.650656
171.969667
171.926881
